##### 

IMU:
  # Default:9.81; gravity in the place your robot deployed, e.g. GLRC
  gravity: 9.80733               

  # Note: Noise density (continuous-time) from dataset from kalibr_allen
  # Default: 1.926e-04 from datasheet
  accelerometer_noise_density: 4.2e-04

  # Note: Bias random walk from kalibr_allen
  accelerometer_random_walk: 2.857e-05

  # Note: Noise density (continuous-time) from kalibr_allen
  # Default: 8.7e-05 from datasheet
  gyroscope_noise_density: 8.014e-05

  # Note: Bias random walk from kalibr_allen
  gyroscope_random_walk: 0.534e-05

DVL:
  # imu is reference frame
  T_I_D: 
  - [  -0.999928,   0.0116206, -0.00288846,   0.433828]
  - [  0.0115923,    0.999886,  0.00962664,   0.086180]
  - [      0.003,  0.00959246,   -0.999949,  -0.302024]
  - [        0.0,         0.0,         0.0,        1.0]
  # Default:0.0; Time offset from Temporal calibrtion between DVL and IMU: (t_imu = t_dvl + t_offset)
  # TODO: this value will be overide by IMU-DVL alignment
  timeoffset_I_D: 0.0         
  # Default:1.0; Scale factor for DVL measurement effected by sound speed (caused by salinity, temperature...)
  scale: 1.0
  # white noise on DVL tottom track 3-axis velocity measurement
  bt_v_noise: [0.005, 0.005, 0.005]

###################################################################################
##### Those just from Kalib, maybe convert to msckf_dvio used reference frame #####
###################################################################################
CAM0:
  T_cam_imu:
  - [0.00786236726823823, 0.9999532121420647, 0.0056353090162310805, -0.1232206727449017]
  - [0.9999681294260654, -0.00785441912633285, -0.0014311646745676972, -0.310185995908388]
  - [-0.0013868356345183388, 0.005646381757991208, -0.9999830973871349, -0.27812151547998104]
  - [0.0, 0.0, 0.0, 1.0]
  cam_overlaps: [1]
  camera_model: pinhole
  distortion_coeffs: [-0.229971614369661,0.173683036312323,-7.457584765784308e-04,0.002259672821916]
  distortion_model: radtan
  intrinsics: [1845.542490218492,1846.046949112978, 825.6913274592704,605.8504151895138] # f_x, f_y, c_x, c_y 
  resolution: [1616, 1240]
  rostopic: /rov/sensors/stereo/left/image_decompressed
  timeshift_cam_imu: -0.09398272330912658
  timeoffset_I_C: 0.0
CAM1:
  T_cam_imu:
  - [0.011362662503790503, 0.9998882224979653, 0.00971763400653785, -0.043854791823369293]
  - [0.9999302479992342, -0.011330740940760782, -0.0033336835368381165, -0.3111845498969625]
  - [-0.003223202912534585, 0.009754835703046718, -0.9999472256791313, -0.2777771992579014]
  - [0.0, 0.0, 0.0, 1.0]
  T_cn_cnm1:
  - [0.9999855391661413, 0.0034948516557218013, -0.004087477278852761, 0.07931133771395357]
  - [-0.0034871782841654664, 0.9999921470868088, 0.00188291059996534, -0.0009070043568538431]
  - [0.004094025673476387, -0.0018686296095041489, 0.9999898735373106, 0.0002663456962428519]
  - [0.0, 0.0, 0.0, 1.0]
  cam_overlaps: [0]
  camera_model: pinhole
  distortion_coeffs: [-0.238199868633002,0.213898054968889,-4.404041598795136e-04,0.002478829048498]
  distortion_model: radtan
  intrinsics: [1840.934190755088,1842.254538956132,820.2899392018224,605.1273183612594]
  resolution: [1616, 1240]
  rostopic: /rov/sensors/stereo/right/image_decompressed
  timeshift_cam_imu: -0.2949693740418413